Parkinson 1
119.99200
157.30200
74.99700
0.00784
0.00007
0.00370
0.00554
0.01109
0.04374
0.42600
0.02182
0.03130
0.02971
0.06545
0.02211
21.03300
0.414783
0.815285
-4.813031
0.266482
2.301442
0.284654

Parkinson 0
237.22600
247.32600
225.22700
0.00298
0.00001
0.00169
0.00182
0.00507
0.01752
0.16400
0.01035
0.01024
0.01133
0.03104
0.00740
22.73600
0.305062
0.654172
-7.310550
0.098648
2.416838
0.095032

Diabetes 1
6
148
72
35
0
33.6
0.627
50

Diabetes 0
1
85
66
29
0
26.6
0.351
31

Heart 1
38
1
2
138
175
0
1
173
0
0
2
4
2

Heart 0
67
1
0
160
286
0
0
108
1
1.5
1
3
2
